124 361
128 406
132 449
137 494
152 536
179 569
217 596
260 617
303 623
346 612
387 590
425 562
452 526
466 484
470 439
474 395
478 348
153 332
173 312
201 304
231 307
259 320
316 314
346 300
377 295
409 301
432 318
289 351
291 382
292 413
293 443
259 459
275 463
294 468
312 461
330 454
187 360
204 345
226 346
247 364
226 368
203 368
341 358
359 339
382 337
400 350
383 359
361 360
215 495
246 489
275 487
296 488
316 484
347 482
381 484
353 522
322 540
301 544
278 543
246 531
225 497
276 500
297 500
317 497
372 487
320 522
299 526
277 526
