184 266
186 302
186 334
193 376
204 403
219 427
245 455
281 480
328 477
354 462
384 435
406 404
424 375
435 346
444 317
444 292
445 263
202 228
216 218
233 215
254 223
269 231
320 238
343 225
363 219
387 225
405 238
291 257
287 276
285 305
284 329
261 340
273 348
284 354
302 349
317 348
215 260
227 252
247 249
267 259
250 267
231 270
330 262
347 253
368 253
383 263
369 269
351 270
238 389
258 387
276 389
290 395
311 392
327 391
347 392
333 403
314 410
295 413
274 409
256 402
254 395
274 397
292 402
312 398
333 398
315 405
295 410
277 405
476 296
301 554
54 26
599 506
2 6
2 288
3 800
306 799
597 799
597 295
597 5
301 4