104 301
104 342
112 395
121 455
139 495
174 539
174 539
196 561
231 592
287 606
347 596
389 564
428 524
460 467
475 412
483 368
480 303
134 249
163 233
195 227
228 231
255 244
340 253
362 235
399 230
431 238
455 256
291 286
291 320
290 353
294 382
235 403
264 400
293 411
317 402
339 402
154 299
180 279
212 276
241 296
215 303
183 306
354 298
376 280
404 280
431 295
409 306
377 306
215 477
246 461
277 454
292 462
313 453
339 462
365 468
345 491
318 501
294 505
271 504
242 496
241 476
272 471
294 474
318 472
343 474
319 483
295 488
271 484
509 347
287 722
5 644
593 627
4 8
5 304
4 798
290 799
594 796
597 312
597 5
293 6
