109 373
115 423
127 472
138 520
160 569
191 610
231 645
275 670
321 675
365 666
404 639
436 598
458 551
468 499
473 450
479 399
476 348
145 349
168 327
203 319
238 322
272 333
322 330
353 315
388 308
423 311
447 334
301 362
304 395
308 428
311 463
275 491
293 495
313 499
330 493
347 486
184 379
204 366
228 363
252 376
230 379
205 383
344 372
367 356
392 354
413 365
394 370
369 371
246 556
271 545
295 537
313 543
330 536
355 543
384 549
358 575
335 586
316 589
296 588
272 578
257 556
295 557
314 558
331 555
374 550
332 557
314 560
296 558
