113 364
119 409
130 453
144 497
162 541
191 578
231 607
274 627
323 630
367 620
399 594
425 557
444 513
451 468
457 424
461 379
460 335
144 337
165 309
201 301
235 306
269 316
324 310
355 295
387 287
420 290
439 315
302 342
307 372
311 402
316 432
279 458
297 461
316 464
332 458
346 453
184 364
203 349
228 346
250 358
228 366
204 370
344 351
364 336
388 334
408 345
391 355
367 355
247 522
273 511
298 502
316 506
335 499
358 505
383 510
362 534
341 545
321 549
301 549
275 542
258 522
298 519
317 520
337 516
373 513
338 516
318 521
299 520
