110 393
117 447
127 500
141 550
161 599
194 643
234 684
277 716
324 722
370 711
409 677
443 635
471 589
484 537
491 482
496 429
497 375
143 372
164 343
200 330
238 332
277 341
323 339
359 324
397 317
436 327
460 356
301 383
302 419
304 455
306 491
270 522
289 525
309 529
327 524
345 519
188 397
207 384
230 381
252 395
231 398
208 401
350 392
370 375
394 375
417 385
397 391
373 392
247 593
266 581
288 574
306 580
324 573
352 581
380 589
355 614
330 625
310 628
290 625
268 612
258 593
289 593
307 596
326 593
370 592
327 596
308 599
291 596
