145 300
148 343
155 385
165 427
181 464
205 496
235 521
270 540
307 543
344 537
378 516
406 490
428 457
441 419
448 379
455 337
456 296
163 269
188 255
218 255
248 261
272 275
325 275
352 259
383 253
413 253
439 266
301 302
301 328
302 356
302 383
274 398
288 404
302 409
317 404
330 398
197 305
216 294
240 296
259 312
238 316
214 315
344 312
364 296
387 294
406 304
389 314
366 315
243 450
265 439
285 433
301 438
318 432
338 439
361 449
340 471
320 478
303 479
285 478
265 471
255 452
285 450
302 452
319 450
349 451
319 451
302 453
286 452
