154 307
154 348
160 388
166 429
179 466
201 496
231 520
265 540
301 544
338 541
375 523
410 500
436 469
450 431
457 389
465 348
470 305
178 270
201 256
228 253
255 258
281 269
325 269
355 255
387 248
420 252
444 272
304 300
303 326
302 352
301 378
276 394
288 399
302 404
315 400
329 394
205 306
223 295
246 296
264 313
243 317
221 316
347 311
365 294
388 292
408 303
391 314
368 314
238 445
260 435
283 429
299 432
314 428
337 435
363 446
339 467
316 475
300 476
282 475
259 466
250 449
283 448
300 449
315 448
351 450
315 449
300 450
283 449
