139 304
144 347
152 388
162 428
180 464
206 495
236 522
271 543
306 546
339 539
369 517
395 490
415 458
427 423
434 384
440 345
441 306
153 273
176 256
208 255
238 262
267 275
328 278
355 267
383 260
410 259
433 272
299 305
299 331
300 358
302 383
272 402
287 406
301 411
316 406
330 401
192 305
210 296
233 298
252 313
232 317
208 316
343 314
361 299
384 298
401 308
385 317
363 317
249 454
269 444
289 438
304 442
318 437
338 444
357 453
341 473
321 482
305 482
289 482
269 474
260 456
288 453
304 455
319 453
346 454
320 455
305 457
289 456
