142 289
143 329
150 368
156 407
168 445
190 479
220 507
257 531
296 538
335 532
371 512
401 485
423 453
434 414
441 373
447 334
450 293
169 260
190 244
216 241
243 247
266 260
326 258
351 245
377 239
403 243
423 259
297 294
297 318
297 341
297 366
271 388
283 394
295 397
308 393
321 389
199 299
216 287
237 289
254 304
236 308
215 308
340 302
359 288
379 287
393 299
379 307
359 307
242 438
264 427
283 421
295 426
309 422
329 429
351 440
329 457
311 464
296 465
282 463
263 456
252 440
282 439
295 441
309 440
341 441
310 442
296 443
283 442
