126 314
128 355
133 395
140 436
155 475
180 509
211 541
249 568
290 577
333 572
372 550
404 522
427 488
441 447
449 405
455 363
459 321
152 264
172 244
202 238
231 243
258 258
326 258
354 245
383 241
411 250
431 271
291 302
290 330
289 358
288 386
263 411
275 416
289 421
304 416
317 411
184 309
201 295
224 296
244 314
222 320
199 320
341 315
359 298
382 298
399 314
383 322
360 321
230 467
252 452
274 444
289 448
305 444
329 453
356 467
333 487
309 495
292 497
275 495
252 485
243 467
274 463
290 465
306 463
343 468
308 470
292 471
276 469
