158 299
162 334
169 367
176 402
188 433
209 456
237 476
267 494
300 499
333 494
364 476
391 455
411 429
422 396
427 359
432 323
435 286
186 265
204 253
227 246
250 249
274 257
326 253
350 243
373 239
397 243
416 257
301 285
302 305
302 325
302 345
281 366
291 370
302 373
313 370
324 366
214 293
229 281
247 281
262 295
245 298
228 298
340 292
355 278
373 276
388 287
375 295
357 296
254 411
273 405
290 400
302 404
314 401
330 407
349 416
329 429
312 433
300 433
287 432
271 426
263 413
290 414
302 415
314 415
339 417
312 417
301 418
289 416
