135 141
137 160
141 179
144 197
151 214
162 228
176 239
192 246
211 247
229 245
244 237
256 225
265 210
269 193
272 175
275 156
275 138
146 127
155 119
169 117
183 119
196 123
213 123
226 118
240 117
253 120
262 128
206 132
206 142
207 152
208 163
194 173
201 176
208 178
214 176
220 174
164 135
171 130
179 130
187 134
179 135
171 136
223 135
231 130
239 131
246 136
239 136
231 135
184 201
193 194
202 190
208 192
215 190
224 194
233 201
224 205
216 206
209 207
202 206
193 205
188 200
202 197
208 198
215 197
228 200
215 198
209 198
202 198
