147 180
150 199
154 217
157 235
163 252
174 266
187 278
202 288
219 291
236 288
251 278
264 266
274 251
280 235
283 217
286 199
287 180
156 167
165 158
178 156
191 159
205 164
224 163
238 158
252 155
266 157
275 167
215 172
215 184
215 196
215 208
203 216
209 218
215 220
222 218
228 217
174 174
181 169
189 168
197 174
189 175
180 175
235 174
242 169
251 169
258 174
251 175
242 175
196 243
203 236
211 232
217 234
224 233
233 236
240 243
233 248
225 250
218 251
210 250
203 247
200 242
210 240
217 241
224 240
236 243
224 241
217 242
211 240
301 196
221 343
0 415
400 365
0 55
0 200
0 542
225 542
406 542
406 204
406 55
217 55
