123 109
127 126
130 143
134 160
139 176
150 189
164 198
182 204
201 205
219 203
234 196
246 186
254 172
257 156
259 139
262 123
263 106
134 92
143 80
157 75
172 75
187 79
202 78
218 75
232 75
246 81
253 93
196 90
197 99
198 109
199 119
186 131
192 132
199 134
205 132
211 131
154 97
161 92
170 92
178 96
170 97
161 98
213 95
221 92
229 93
236 98
229 98
221 97
172 159
181 152
191 149
199 150
206 148
215 152
226 158
216 160
207 161
200 161
191 161
182 161
176 159
191 155
199 155
206 155
222 158
207 154
199 155
191 155
275 125
198 283
0 323
376 300
0 0
0 131
0 498
195 498
375 498
375 123
375 0
193 0
