147 490
148 549
156 607
168 665
187 720
217 770
257 813
309 846
374 859
443 852
501 825
548 784
581 733
602 678
618 620
628 563
633 505
172 376
197 330
244 307
295 309
345 330
436 338
487 322
540 322
588 347
612 397
387 412
385 452
383 490
382 530
329 585
356 591
383 598
411 592
439 587
215 447
243 424
282 423
319 446
281 456
242 458
458 450
497 429
536 431
566 455
536 467
496 462
270 673
316 661
357 649
385 657
413 650
453 663
501 680
451 707
413 719
383 721
353 718
314 702
288 678
355 679
384 682
412 680
483 683
412 679
384 681
355 678
